-7.283300988716313595e-01 6.306918806053577950e-03 6.556803983620551612e-01
6.140969641453728478e-01 6.337682445102621465e-01 -1.764895227333641847e-01
-5.684856155000806988e-01 -6.059520643287372166e-02 7.523642076412653812e-02
2.520969520023531585e-01 6.788098176810104800e-02 -4.944977295404720530e-02
-2.932722067440897140e-01 -8.702005495039795147e-01 -2.348227210717715729e-01
-1.184506438094829889e-01 -8.611938447468089342e-01 -2.103104303175263798e-02
4.691687707205239866e-01 -2.048176766352493780e-02 -2.069992484595159776e-01
4.250773397688947242e-01 -1.042717932288940025e-01 2.383051136287082927e-01
-5.088223887265695966e-01 -2.071970318798575239e-01 4.669354424516602986e-01
-4.789330231714449826e-01 -7.038622489140132776e-01 5.439587037347937831e-02
-4.281842562311425904e-01 1.750856127721140965e-01 7.884151880291854209e-01
2.649550849553439225e-01 2.814029413252268630e-01 7.881488348295340174e-02
4.649439252908084130e-01 1.929810210468759502e-01 3.293007624073395530e-03
1.461186607319450159e-01 1.692034479338391240e-01 1.508099137564464509e-01
-4.949447511439917236e-01 -3.461353865529055995e-01 1.637264081127024484e-01
3.018292641762013173e-01 2.887590784752544493e-01 -1.140972254335737707e-01
-6.570393466603363652e-01 4.424910593710383311e-01 5.419494166837451887e-01
2.145325084716202257e-01 -2.870177765468530651e-01 3.635765004202217709e-01
3.376674609320245990e-01 6.487442476957429316e-02 6.587763055007015423e-01
4.777279280734434419e-01 4.200663341937606599e-01 3.831762464656135458e-01
-1.607764421218916828e-01 -1.073901692813424291e-01 9.115991921718953339e-01
1.042974377789325112e-04 -8.180833539178878899e-01 5.996592153576267570e-02
5.474619941841779580e-01 -7.115693416437733898e-01 -1.156517624474310557e-01
7.334631770239884441e-01 -9.704627662734166549e-02 -1.656040109362243856e-02
4.273635791890816327e-01 3.184180036739400199e-01 -7.589719756617586688e-01
-1.884966656347311642e-01 -9.987219708835929494e-03 -3.225347297018227866e-01
1.300719922760245617e-01 2.858776649471406195e-01 -4.590020689431891232e-01
-2.008226226755099597e-01 -4.493124051324722812e-01 -2.549420817897580238e-01
-5.760830270898892325e-01 -3.281302127252831990e-01 1.584523811362812395e-01
3.262340781154527414e-01 -3.826571121761262462e-01 -4.077765912014277294e-01
-2.761162718941699845e-01 9.506878489043214531e-01 -1.397934556936885342e-01
8.177045736831102252e-01 3.025076343573179227e-01 -1.548421960669899011e-01
-2.698894271033419612e-01 -3.415665114962775917e-01 -8.895193558542522361e-01
1.456542694372734148e-01 -5.611944105510097147e-01 -7.281712172492775803e-01
2.429115717804959662e-01 5.377187744641139661e-02 7.869949880433857459e-01
2.323805279270470259e-01 2.077207872823339241e-01 -5.714722612097415944e-01
-2.302348821901532144e-02 2.564061249458209346e-01 -5.064142229871594347e-01
2.169839542286952638e-01 -7.516997604081171458e-01 -5.641680561659665472e-01
2.193845258873912754e-02 -9.890847482041818794e-02 5.081242977878441813e-01
5.765072546215105342e-01 -5.611212701996339813e-01 -2.443878212792418847e-01
-5.804845455963535406e-01 7.352803715046415389e-01 1.760855398260476601e-01
4.480173680522498425e-01 3.021405043759579634e-01 3.171025515107607773e-01
8.857519871364020192e-01 -1.674464228765920604e-01 -2.223925642015886217e-01
-4.963491308761147081e-01 -8.292081155906998458e-01 -7.253470547146755043e-02
-7.307540993254801887e-02 5.718613379483227233e-01 5.864269030811182226e-01
2.803964407079388432e-01 3.380354261029378526e-01 -7.697283224643550748e-01
1.952801450118676896e-01 -7.432183432043942828e-02 -9.941940376465124851e-02
4.420984688992112832e-01 3.419845877047574673e-02 8.045603465718647804e-03
6.238920337470931221e-01 -5.253408617017006899e-01 3.648933472803197325e-02
-3.443317488599395571e-01 2.058290477286408293e-01 7.339374595448361349e-01
-6.765234513442329456e-02 2.599843080654436478e-01 -7.710160319450851674e-01
3.952154182773769120e-02 7.331837576199461415e-01 -6.753512989223074969e-01
-1.540602211865906013e-01 -8.862275607320315718e-01 -2.099767491095987371e-01
3.265143595522916331e-01 -8.027612103726488035e-01 -4.428877809329362369e-01
1.965356047519785029e-02 -4.839572361644164378e-01 4.460058516749595414e-01
-5.533249070902083178e-01 -7.617384582405664073e-01 -8.358493553446584567e-02
7.141109480203726260e-03 6.292139131390556139e-01 6.977222123179402380e-03
2.164918999226364271e-01 -1.353754469781496828e-01 5.093143379229253531e-01
2.390529259159547837e-01 3.004271092450137015e-01 7.776336101568650516e-01
3.974669189368133515e-01 6.960573328006176563e-01 -4.931109890305030441e-01
4.537579990006367359e-01 1.920219537681885358e-01 5.310608034249306719e-01
-3.748866397001323070e-01 -8.062806610097710269e-01 -3.934235749074361799e-01
3.006132478195757129e-01 1.010450081120346233e-01 3.661303101050406572e-01
-8.715789775802088579e-01 3.448211946049707932e-01 1.667422262421968393e-01
-5.402434292177383801e-01 -3.370748125068414036e-01 1.878952047680267912e-01
-5.433143749557434177e-01 -4.956090870317216290e-01 4.348947646908454812e-01
-2.945590589744130350e-01 7.096631784011556698e-01 -3.078012225900902780e-03
2.944971639710923239e-01 3.616086638030421296e-01 -4.350265447899927529e-01
1.382656989351929988e-01 2.215029887855293408e-02 4.566392704395427771e-01
-5.360518311338519082e-01 -4.797741008319287292e-01 -4.053817966681065865e-01
-5.540917717492150896e-01 -3.508635648444206057e-01 3.661390421102780346e-01
-5.829055749790695851e-01 -4.776172902603546544e-01 5.799593610622235523e-03
-3.677133842148677112e-01 5.593627684446793591e-01 -1.113076151469050840e-01
-3.863973102315337305e-01 4.391387473545776410e-01 2.764697802299564411e-01
-7.505458949281565983e-01 1.347706047208910018e-01 -8.281145564455229258e-02
-8.214128596030164653e-01 -7.091960139531683360e-02 1.930483496267852428e-01
2.649723728317577298e-01 5.264199478815516364e-02 9.053470984619622630e-01
2.234305932382202875e-01 3.490938030534203040e-01 -3.531839969994502448e-01
-3.336125701255571729e-01 -2.366468851700268550e-01 2.932405963260086290e-01
5.329681689456731986e-02 3.138014873755866074e-01 8.857885827895561892e-01
-3.468116756635770681e-01 3.586654246805952018e-01 -5.882171113573176902e-01
-7.419486970594545427e-01 2.761529631989119160e-01 2.605645550939035271e-01
2.431666226885050297e-01 3.642978411647935788e-01 -7.414922701787122206e-01
-4.691101613686812777e-01 -2.296500338950719089e-01 -4.581422824953848560e-01
-3.508084624891910641e-01 6.540855650547318101e-01 -5.709993981659465812e-01
3.672635257751920013e-01 -7.581404572214860416e-01 2.656287756991804749e-01
4.594918922202961831e-01 1.509846843324460508e-01 6.695260414184512898e-01
5.343751017755997423e-02 -3.787047282781798585e-01 -4.101814342772182598e-01
2.584563226605802178e-01 5.752415315132441281e-02 -5.318273726055302575e-01
-4.980426028210540035e-01 5.487062029702038934e-01 -6.632683804477803591e-01
-3.226010795400832132e-01 -8.526399345665715002e-01 2.687461121234672179e-01
6.551222510989374026e-01 1.176569308032135858e-01 -4.696594990136735981e-01
8.076932275663193384e-01 4.059989004652732603e-01 -3.313450290893123484e-01
4.140273597600115374e-01 2.115968064695971929e-01 -5.071185048001247697e-01
6.460150477580382800e-02 -3.184999518573371491e-01 -5.443108641548398685e-01
5.151548585540715042e-01 1.819165268122023282e-01 -2.491382740273905549e-01
-5.846661749839873190e-01 3.964339027181961184e-01 3.852500773071932949e-01
-2.728248863610033825e-01 -6.808716001841517984e-02 -9.164577862421751098e-01
-4.721874648525110629e-01 2.580607099143650274e-01 -1.017400431127949145e-01
8.289682162071602967e-02 -5.314609052852850013e-01 -7.890886529970162488e-01
2.777091831751178908e-01 -2.019792538758610478e-01 -5.047997690120910042e-01
5.107449643573173104e-01 6.189395422158597837e-01 -2.054997322157317563e-01
-1.761785351527534182e-01 -2.923586478329551763e-01 4.919989020001059310e-01
6.209546470272945262e-01 3.556939523989553487e-01 -5.145163683485751704e-01
3.374950844461523380e-01 -4.584840021894855400e-01 7.839054965097985717e-01
-7.292890644058538374e-01 4.308425762745644039e-01 9.170542485955844592e-02
5.138537137752068329e-01 6.988882055163633256e-01 -3.366480695291274583e-01
-5.429847914192711400e-01 7.437346890314121550e-01 3.400489997969680100e-01
-8.009013287334810771e-01 -2.587747449400851774e-01 -8.526248745249360994e-02
5.700031298367227439e-01 6.925172865512071452e-01 -3.749198112534729566e-01
1.193437702588759364e-01 -3.895366063084750863e-01 6.369019957616280925e-01
4.886986129461784456e-01 5.126648421781224707e-01 -5.491061859275521151e-01
5.522559565363641676e-01 -2.189192769696439167e-01 -7.282968562799199130e-01
2.604932272105821567e-01 4.351164523431104714e-01 -1.512567330601358451e-01
2.537528873206183477e-01 7.559061747717432667e-01 -3.324487776380016801e-01
7.602650389187004532e-01 4.157874122690225493e-01 -4.307863299886791064e-02
1.023082809214446720e-01 4.147639664200408194e-01 5.444926145759151348e-01
-7.486132096798936431e-01 -5.707175996677426033e-01 -2.679724170340610501e-01
1.722938815971541276e-02 8.258438571915066584e-01 -2.375830759362674849e-01
-3.785418195430854671e-01 -8.673117582469187792e-02 4.237786607960146723e-01
5.640151369723463981e-01 -6.117097576782764001e-01 -4.555922713325989415e-01
-1.812443743498375059e-01 3.809564380914789439e-01 -2.768876397098840036e-01
-4.926825251350735457e-01 -6.197134800849091185e-02 8.801492511251947370e-02
9.752583244313363375e-02 6.993594598636395654e-01 -6.809817462396715315e-02
7.292059888106181553e-01 1.071831210496285436e-01 6.745858843223686563e-01
1.437953019049577619e-01 -1.859210905213073972e-01 4.791827215839211118e-01
-7.367294743052250905e-02 -6.037361294228936748e-01 5.513522239351255072e-01
2.485500301273198265e-01 7.757481631417902090e-02 -9.505777408615946611e-02
4.597598106799675177e-01 -1.431662910385773230e-02 1.213918474598005837e-01
-7.402263306467753434e-01 -4.497821135218730282e-01 -1.541237924792919212e-01
-2.037368751369031117e-01 5.011908843686947446e-01 -6.402588580379350303e-01
5.535762300254989336e-04 -6.577238978685996662e-02 -3.810070917883728869e-01
-1.903612849951794861e-01 5.325908718851058987e-01 -4.595087555004447322e-01
3.271794479975072001e-01 -4.056424900616785179e-01 -4.572578066635265004e-01
-4.657976985185671714e-01 -3.845890870111616233e-01 -2.146947004643577905e-01
3.536972934613863417e-01 9.144296537410461223e-01 -8.801314570401159998e-02
-3.824186671436271001e-01 5.681828012916891879e-01 1.076951235010668168e-01
4.607994976185183500e-01 -5.774449115399306054e-01 -3.925254998308020937e-01
-5.702381365396599344e-01 -2.331113588428514460e-01 6.045046224906457377e-01
-4.347840587710448679e-01 -4.865052795646970796e-01 3.995357775727039762e-01
9.417489793341127235e-01 -1.901020907981285091e-01 1.947346221215032203e-01
-5.420520818316525435e-01 -3.339757219517067721e-01 9.309763678352374339e-02
6.497458275878160716e-01 3.812663015952436618e-01 3.998511834293664302e-01
3.252692052737072292e-01 -4.382826960528033999e-01 -1.395105997020059385e-01
-6.074385408053764035e-01 -7.789622070873100657e-02 7.264572916852840567e-01
-6.252403022120832654e-01 4.248455512643257714e-01 -3.582254858030655686e-01
5.257148565626956066e-02 1.764087485818762249e-02 3.931429375408517640e-02
-5.523468983651256270e-01 6.469736433725076230e-02 6.031390698469243361e-01
-7.324799069817222730e-01 2.710927716236409268e-01 1.891612491548524122e-01
1.881752223125847112e-01 -3.060606984503237982e-01 -5.876785352788367334e-01
3.566880103269793878e-01 1.944303026068111562e-01 8.296898196787134694e-01
7.417925862650740498e-01 1.187998163770433713e-01 4.606887712283885827e-02
1.240706646614059411e-01 8.270319856673567782e-02 -1.122317027899228242e-01
-3.016020738152259129e-01 7.379948595184484539e-01 -4.563763145803824070e-03
-5.982745245960034985e-01 3.323403665583292144e-01 -5.045464207708078019e-01
6.363981521798076635e-01 5.201165744081833742e-01 5.033868105489360811e-01
1.752891163640181715e-01 -7.253452424600381754e-01 4.590193085193588485e-01
7.252524458771478777e-01 -5.177931076911101993e-01 -1.035055393246698402e-02
-1.257106936673740849e-01 2.341999778999055426e-01 -3.616159847530829863e-01
-1.967742377292460570e-02 6.878417949434716405e-01 7.254914699648531418e-01
3.547010286388103117e-01 3.788325812831267458e-01 1.773960521131227597e-01
1.184920997568174178e-01 -6.631559642029913326e-02 3.512516427374446359e-01
-4.785303156832316773e-01 6.466343046911291470e-01 5.463694303225986593e-01
-2.480337786435471426e-01 -7.639837031545744228e-01 -2.568560628224917375e-01
-1.474740316685526909e-01 -7.705885470610028820e-01 -3.445135053374684397e-01
6.259299197831948991e-01 1.892911401519129788e-01 5.899307731544690681e-01
2.583906653377384191e-02 2.215159204687137673e-01 -5.177934479421750780e-01
9.554428460675540302e-02 -6.093250494162973929e-01 7.274130106191137868e-01
2.742422969161548707e-01 5.064363066005506120e-02 2.408028763905772918e-01
-6.266232076476175861e-01 3.196221021150248004e-02 5.653518849379450817e-01
4.987035438470528992e-01 3.556255855845132929e-01 -2.983169344133870249e-01
6.548407878726034137e-02 5.467640901358362671e-01 6.395622752113055975e-01
1.257933868400040178e-01 -2.683631630365702209e-02 -6.320861823313512762e-01
4.295198797451018069e-01 3.227087781116860787e-01 3.461740688079839035e-01
6.183712523952337170e-01 7.651704864279224028e-02 -5.379678052407068645e-01
-5.969041735977707042e-01 -4.700489705282465125e-01 -4.874860986338407920e-01
5.359903341525180664e-01 -6.157034206883362781e-01 -2.162761471908480893e-02
-5.225162403078968953e-01 2.652017451502405310e-01 -1.311642130644823656e-01
-6.710760726243619745e-02 9.661424956223696459e-02 9.346684906411858451e-01
-1.216486884331133278e-01 8.056030407740827348e-01 -1.610303718610919810e-01
3.213218366416327465e-02 1.910695144420557490e-01 -7.672167867891047655e-01
-2.599477415203034214e-01 -6.627100662012943566e-01 7.608934511266349232e-02
3.044855208411307856e-01 5.956238298734303216e-01 4.717371869195690071e-01
7.290510748298750787e-01 2.406276865679987942e-01 -2.085033648342024815e-01
-2.057956969501248401e-01 -1.531394465131391824e-01 -5.566979537625136448e-02
8.286266975791609646e-01 -4.217549240922063673e-03 2.112178002406492894e-01
3.670623654305743000e-01 6.998942680627390223e-01 2.938702147373314366e-01
-7.188068803781667571e-01 -5.183659822980441617e-02 4.972151776761508934e-02
-6.918038172705077704e-01 3.981628688916959424e-01 -4.481473040753879977e-01
1.634055703665591164e-01 4.573393001730579610e-01 -5.000413860259989018e-01
-1.215339101805204408e-01 -6.764299891142946386e-01 1.466342727786085487e-01
-4.822930622733537231e-01 -2.190207207125833555e-01 -6.596941777110572058e-01
2.400877719719400338e-01 -1.892264935687347771e-01 -2.896453839383101303e-01
4.302176116932991401e-01 -3.043753157513706120e-01 -5.754505795478226382e-02
2.951438048157642990e-01 5.822479042095992652e-01 3.747726383277761864e-01
-9.337978347853274075e-01 9.411646732058397136e-02 2.367332906991904962e-01
-2.742674029996558169e-02 5.640184909984902878e-02 -8.361101590786387261e-01
7.204885090931376634e-01 6.251097656060934649e-02 4.592611425918559642e-01
-2.172884169858788905e-01 -4.111121825512844552e-01 -3.621561095402547892e-02
3.478696266980255136e-01 4.814443190281996743e-01 -8.199516095728712206e-02
-5.151778972329975614e-01 1.907089908053754557e-01 1.435496535546132262e-02
-8.099382496791504571e-02 7.938039884611450825e-01 -4.836364694597712344e-01
-3.801773467780450444e-01 -3.770270013225107686e-01 3.780767956693130427e-02
5.930471282561745605e-01 4.051793621307679394e-01 3.551891940136346904e-01
6.154132569971580979e-01 5.328351272352517265e-01 -5.602223740229668458e-02
6.346605121360487933e-01 -6.923765587781954833e-01 1.955749103689971846e-01
-2.682567931062885269e-01 -7.166278746969948488e-01 3.604402295615883878e-01
-2.916042758232798571e-01 4.850580935947014782e-01 3.758802474733089483e-01
-4.822874977755732817e-01 -2.176220250107578635e-01 -5.503227216796326982e-01
-6.200312458026788764e-01 -2.673894953129563601e-01 3.183551197236931807e-01
-4.832620850189615208e-02 -4.451341873888501333e-01 1.567397081981939111e-01
3.996390016357842523e-02 -8.525392442189445863e-02 7.081088838610603009e-01
-3.997569606936560715e-01 6.878644213283729991e-01 -4.574753987441055880e-01
-2.215370843913044563e-01 2.376857487703599170e-01 5.007525113892086210e-01
-3.154778927399887190e-01 3.682926706719445720e-02 6.231391133458928921e-01
3.019811866137137590e-01 6.102215564556393579e-01 6.102272254098214388e-01
-6.384918087278083076e-01 -6.437507528964308001e-01 -2.241627343383058857e-01
-3.391179050803762030e-01 -1.457955347554291958e-01 1.266002625582843613e-02
-6.149922075212049810e-01 -6.139885070811955670e-01 1.925235760378408989e-01
-7.586880589530150543e-01 -5.216149221534478464e-01 8.511996643593966461e-02
-4.609044277176184701e-01 -3.524830871255517639e-01 5.382560118351800149e-01
8.971047478294195132e-01 2.480728768490742808e-01 3.168087296839829370e-01
-2.018489032649768700e-01 7.888742783513782442e-01 4.027810070684144650e-01
2.516028810122080128e-01 -3.374656532793128272e-01 8.527747854117752047e-01
-2.483435404192168572e-01 7.600961640819401399e-01 -5.655928735371438254e-01
-2.054780960867100825e-01 6.300291251819017946e-01 -7.199849934021081976e-01
-3.913185316912838885e-01 -3.680163143745868726e-01 6.835377315272301857e-01
-2.590362228903216879e-01 2.716711765629929443e-01 -3.690571774179693398e-01
2.436251365821393844e-01 -7.174971280853870148e-01 -2.822405173095260400e-01
-4.062268422799183432e-01 -4.803833586697907054e-01 7.552593569585887290e-02
-5.008399901979506685e-01 2.804148036724284365e-01 -3.257784717599570556e-01
1.901700074344209179e-01 -5.633573703068341931e-01 -8.027193515676083607e-03
-5.631666511836265210e-01 1.876069044234915939e-01 3.495213378184199721e-02
-2.486552375107371204e-01 -3.179443141363522130e-03 -6.133288178870317103e-02
-7.942255493758831886e-01 5.032615947699354414e-02 2.523143226576523568e-01
7.277607485032472345e-02 -4.335247013138620042e-01 5.667329577786464068e-01
-2.776718326681919952e-02 -1.395868084518128160e-01 1.197744918091850908e-01
-5.267260292949630385e-01 -5.682198469174178923e-01 -1.186261655445731839e-01
-3.027023121116017429e-02 -3.931772371187414183e-01 -1.876782059955016679e-01
-1.932427222284408830e-01 3.682362551343641103e-03 2.091105547626535555e-01
-5.311251295045928966e-01 -3.105264257316697751e-01 1.416169141258560027e-01
3.596537682500241528e-01 -5.871624786869349411e-01 -1.906091126352104370e-01
9.121103734129133445e-01 2.678805550379144695e-01 -2.115216810747612142e-01
-1.734166324196520226e-01 2.657222487202854921e-01 -5.406392373942210394e-01
1.226582968980971799e-01 -3.845944695129342450e-01 8.888544761678009998e-01
-7.929158585638153012e-01 4.865178807814098394e-01 -4.726156641652543705e-02
3.556964796211058433e-01 -2.216841309054835840e-01 2.370266459663379899e-01
-2.681426645072306214e-01 7.154785509283649592e-02 4.404751896982379011e-01
-7.136441509330414268e-02 7.140746225981739470e-02 -6.390237927291816389e-01
-7.881481203533897972e-02 -7.830666887016746180e-01 1.276652404548934971e-01
-3.854392467301911429e-01 -8.150942635209766918e-01 3.847123723842056919e-01
3.578742933748746968e-01 4.065613415107861561e-01 -3.049929639777924639e-01
-6.384202985199202152e-01 -9.248282249269772215e-02 -7.951785327820187765e-02
3.932351444074251856e-01 -4.592278712976481381e-01 5.088863702269145195e-01
6.016865387042009683e-01 -4.028346256044804119e-01 5.026357891707071701e-01
5.695783965446561403e-01 -4.472898526189856422e-02 -3.845433756312757745e-01
4.914548267884177174e-02 -7.901897392112333662e-02 -6.407875151008546322e-01
-4.621324023223946087e-01 4.934765713481210070e-01 7.071733896715272083e-01
4.195390981026314581e-01 -5.751456444039843019e-01 -5.804942036980866860e-01
1.224840218611170095e-01 1.623131538554418163e-01 -5.748637069581213899e-01
3.843406322653455248e-02 8.669459912699486320e-03 -2.997877392185437362e-01
3.251835965975613529e-01 -8.792378846284766292e-01 1.464560067517800268e-01
-7.642777127877751209e-01 -3.418995426326015274e-01 1.631650837742002836e-03
5.179114843333378904e-01 5.311417741103501289e-01 3.207366424238114466e-02
5.655449298914382306e-01 2.840276635186677612e-01 7.111508151555131496e-01
3.223639650790847133e-01 -4.661681340594798773e-01 -3.565452409445891702e-01
-1.778201366952559259e-01 -2.039541671291655589e-01 -4.576719005000476903e-01
-2.094907865626103316e-01 8.231420367964432661e-01 2.523468473858211589e-02
-7.268894170957801437e-01 2.551110966934527213e-01 -1.260121928038830663e-01
-1.832043076938601189e-01 1.340087982331341077e-01 -7.153172809941389376e-01
2.453255422575522093e-01 -5.020625121053892137e-01 7.172928462774947889e-01
-5.663634576630928175e-01 -3.077949421635488569e-01 -3.638270690798479055e-03
-7.963136304726601278e-01 -3.010343696224100918e-01 -4.491653983240791459e-01
3.755188922407446395e-01 -2.444093629496371742e-03 5.070734578115173585e-01
-4.802393896549640717e-02 9.096510947738126740e-01 2.199683936713416610e-01
2.641508521570956058e-01 -3.734243033456448591e-01 9.681972103181339662e-02
-6.595713886548616456e-01 -6.305684560236723968e-01 -7.815837585971595336e-02
6.472456323423340097e-01 -2.583116498129587879e-01 -6.420580749799342790e-01
-4.286860956352727126e-01 -1.526587137166287578e-01 -8.388519854217950378e-02
3.906791818970614671e-02 -6.850408098638812934e-03 -2.947496311203749442e-01
1.098007639955003029e-01 6.098565826682295771e-03 7.344334656548527906e-01
1.742532626327949197e-01 -6.391568466556400985e-01 -2.815913731976426027e-01
4.886327505775731744e-02 -4.920443435824988776e-01 -7.320391017125182920e-01
-2.706884864768778209e-01 3.772752082783207284e-01 1.756012200668300438e-01
2.144635172848282922e-01 -1.402636381816985411e-01 -5.663644488670200872e-01
-6.898975070283110966e-01 5.686656374749720078e-01 1.271985102241956489e-01
2.234384904143703332e-01 7.781277371875680027e-01 8.030449828056368533e-02
5.660591799020991965e-01 9.270836802954708633e-02 -3.517118721437736406e-01
-3.415525253405591322e-01 4.993456162863376124e-01 -7.218442678060410511e-01
1.636935766755842903e-01 2.454338708765531063e-01 7.779414636505483926e-01
4.114385626226348402e-01 -3.223312915120296052e-01 -6.209755511096920477e-01
3.957564853028627261e-01 -7.878342111634786260e-01 -4.230484288686158778e-01
-7.562014134457092362e-01 1.648601982856301995e-01 6.116220910293597157e-01
6.047157558562205049e-02 4.970401461231618301e-01 -3.940418431404269298e-03
-2.236942902350619322e-01 -2.943010033016399407e-02 6.704122603010661541e-01
-4.286710866758705052e-01 1.944259989570736313e-01 1.392510780891116906e-01
3.946661731084442626e-01 7.348053307701536419e-01 -4.324424847370057501e-01
4.203424639095643123e-01 6.506563561870374324e-01 5.837201235716794612e-01
-2.794377796090285471e-01 -5.530884698213620609e-01 -2.228249275241656335e-01
-2.776234626159902463e-01 3.147104734828470307e-01 7.877885507689527111e-01
7.774023235350149275e-01 -3.082898185655711387e-01 2.316560725246581132e-01
3.082101520331842481e-01 -6.584318580011622180e-01 5.311927693528737393e-01
-6.821636070196555046e-01 -6.020301509538326101e-01 -3.424882993168132939e-01
4.007912212873595420e-02 9.925178493344632980e-01 -7.350092654814065077e-04
-4.008436687120028180e-02 8.311981370593651830e-01 -2.333909514128784390e-01
6.805588603998353747e-01 1.194569505838291579e-01 -3.662560507605091553e-01
-5.302931984032327462e-01 3.402229366888510631e-01 1.544684192347327290e-01
1.693260536576109698e-01 4.202282505556623887e-02 1.610366096940230585e-01
-5.421216468286236580e-03 -5.839645550205468938e-01 4.784967771125943625e-01
-1.897060104095181776e-01 -7.380369475374795041e-01 4.224552283938100006e-01
-5.982003548830177042e-01 -1.827499548020526665e-02 9.756817084207151936e-02
-6.940979897499566231e-01 -3.474592078874979562e-01 4.906477998129480378e-01
9.683693947315816231e-02 -1.994001426323525616e-01 -3.744243062355728235e-01
-6.991673445367746487e-01 2.744548406872362456e-01 5.829710210119100067e-01
-6.044301045254305560e-01 3.943765775137206275e-01 6.711875916319336444e-01
3.103826073259056129e-01 -2.843201562860040582e-02 9.950883933105697521e-02
-1.802274718573919632e-01 1.388337779767047364e-01 4.134615309687653117e-01
5.889218951379672495e-02 3.854933748717789821e-01 5.377708520810258186e-01
-4.451976517621276108e-01 7.666038120258250599e-01 -2.437462438844822665e-01
6.006843616451090773e-01 -1.129151758177569242e-01 2.864847644874392585e-01
-3.199551647195344461e-01 -5.276982286834963620e-01 7.707543092785517080e-01
5.041179917217122330e-01 2.525318461538521575e-01 -6.738539240866336932e-01
3.156532578800573096e-04 8.816375948844005217e-01 8.597816544103195624e-02
-2.783810933228036966e-01 1.777564457641176432e-01 -4.249612090932348707e-01
1.234822712992847682e-01 3.467052743423595929e-01 6.115930062275800605e-01
1.894640920669187767e-01 8.639506733988123743e-01 -4.499625552055738775e-01
5.325057718037163879e-01 -5.074909475189877117e-01 4.512552254161502074e-01
4.951697997589551981e-01 -6.246964817749893761e-01 3.977211276209356994e-01
-2.229161335097298302e-01 3.373123776061705548e-01 -5.504715171634897430e-01
-2.402440424927345872e-02 -3.822481416505915108e-01 -8.387590838695508921e-01
1.172388212366317212e-01 4.944015677791383512e-01 -8.128168723538850005e-01
-5.485546740172917435e-01 -4.168806161856422610e-01 -1.187437115073571303e-01
-3.143906012512368009e-01 -5.029630222026175712e-01 1.313816878815519951e-01
-2.717062571205768884e-01 5.608861150919387528e-01 6.352935764588629741e-01
-9.454981596416855982e-02 2.246979797429587422e-01 -2.645485923461694533e-01
-5.329369947383102435e-01 -4.744452852191382020e-01 3.605190817641980017e-01
3.289388698959680446e-01 7.681722743315087809e-02 -3.957963037634497083e-01
7.405067973347506660e-01 5.036242352647311016e-01 3.327124976353969532e-01
3.348179289419260796e-01 5.429608928720776051e-01 8.604331154655228686e-02
-1.761453508362904874e-01 5.313738090233186551e-01 -4.250705382290708156e-01
-1.347042413902481139e-01 -5.456566165476451902e-01 4.347002822701850899e-01
6.622008800706086218e-01 5.665820315720746514e-01 -1.864676624779945391e-01
5.564098048049178312e-03 9.679725333236655072e-01 -2.392306146838073244e-01
6.740546204179775902e-02 2.954612304317243421e-01 4.715887063479065090e-03
-4.285115350829399872e-01 1.685554825762338171e-01 -5.443110328371707496e-01
3.932488645831403451e-01 -3.114684130802822075e-03 -7.022195540672334646e-01
-7.307009364398056595e-02 -4.419769409979248387e-01 -8.577840548620023764e-01
-7.152399677147337487e-01 -3.831111017089468551e-01 2.040889725061106330e-01
-2.181379692284136362e-01 3.861052896381834687e-01 1.656814704023526763e-01
-5.567922667487962274e-01 -4.137989106883029344e-01 3.888305343608847164e-01
-1.621902639852369765e-01 5.832480965044261056e-01 4.403713365598860840e-01
-5.943573090779006307e-01 -7.304428486175625901e-01 2.989400754972829088e-01
-6.081070016076226548e-01 -6.804449985949192481e-01 -8.875702749189522123e-02
5.834249380046260258e-01 4.573162916278031287e-01 -5.584850640780041342e-01
-1.797067396839406306e-01 6.702130044978458212e-01 4.661015089062940653e-02
-1.279312448665942126e-01 9.005254969431200074e-01 -1.737914138403497954e-01
3.894178153038166945e-01 5.093764500723918509e-01 -3.371030970682792338e-01
2.065185289107878200e-02 7.711310595829389269e-01 -6.078351539275179682e-01
-1.603087287960204554e-01 1.767993304610532834e-01 3.298371479117924443e-02
6.953930156597952772e-01 5.342414091211633576e-02 -6.771517124903920770e-01
-1.053181045014600498e-01 -3.467964993906761384e-01 -2.853564101900567529e-01
5.355499127464066200e-01 1.983398710483933181e-01 -1.052680075120956682e-01
4.629995089941664754e-01 1.342540774091162126e-01 -4.809701455889122124e-01
-3.276703014947970893e-01 -4.153368888742703935e-01 3.574387172716931294e-01
2.488342912726694556e-02 -3.271520655928499832e-01 -9.426212141175212000e-01
-1.973522939478079830e-01 -2.480344544398729589e-01 3.560191867163259860e-01
8.391341760798765037e-02 1.332521572974206536e-01 -2.529039600185813974e-01
1.366713119721537084e-01 6.741524257828515054e-01 -2.553396309970845102e-01
-6.482488238462512653e-01 -6.207350592856109017e-01 -3.776561379426074394e-01
1.925014566536624172e-01 -9.167138424552657705e-01 -9.502917845653513496e-02
2.395441734417857738e-01 -8.894890312530153720e-01 -2.297763385730458296e-01
-1.207891815761510078e-02 -1.810781485938427748e-01 1.631130086433032755e-01
3.560540382377779811e-01 -6.224149967756708035e-01 -1.428256123694897350e-01
-5.553012960008679721e-01 -4.400635048545389338e-01 -6.747239121734063261e-01
5.095101294243622458e-01 2.445755105516866645e-01 -1.197725235516886727e-01
-1.482686881881795371e-01 -7.784630966923258288e-01 4.298340530889479538e-01
-3.964226814062346560e-01 -2.114065407549015896e-01 -3.314509876362426444e-01
3.558962924665713679e-02 -6.267979967318475509e-01 -2.231882995923101798e-01
7.823745826916016499e-01 -1.933488865462198725e-01 -5.088055286030199742e-01
4.203430307156245660e-01 -6.037278350185708575e-01 3.290117505848874635e-01
1.274055096065179471e-01 -9.394913799536788179e-01 2.244769583721468176e-01
2.857145690134512694e-01 7.459788236049229582e-01 5.785958917154913062e-01
-1.506767192322819859e-01 -4.030937693594149884e-02 -7.163739967327953373e-01
-3.941235349522989595e-01 -2.938267240875291342e-01 7.245789099032120539e-01
-3.974447160957429448e-01 8.207364224173936407e-01 -3.993290182907875407e-01
-2.318522774337162529e-01 -4.275594253892072705e-01 1.383296894759764306e-01
2.505544350465031544e-01 8.613194046280350791e-02 2.717911652121622335e-01
4.069903738331956053e-03 1.510982484230301570e-01 5.851162574638104630e-01
-3.335714733110237140e-01 -2.868728595890599475e-01 1.567103588215964030e-02
1.547775914495051579e-02 -1.087000588700957754e-01 -9.485154887959854619e-01
8.849935949185460116e-01 3.229656026608639374e-01 2.417953109362395991e-02
6.897241924861293727e-01 -3.049626248119031158e-01 -1.424422152703076205e-01
-7.043698209262335697e-01 -3.412006236761997990e-01 -4.904621429899508889e-01
-3.293970096972658190e-01 -3.293532859042586636e-01 8.040010258656105080e-01
2.152441658963406557e-01 -4.930353808462467069e-01 1.876615964756950250e-01
-5.854562135307216364e-01 1.018942139775815964e-01 6.559313816280574194e-01
-3.206137359405153431e-01 -4.355448845156142945e-01 2.641959706183675261e-01
-4.711228234457387476e-02 -2.890627088937165468e-01 -6.727877356581317692e-01
-3.677000985861222926e-01 1.613054061807584205e-01 -2.316734163820729497e-01
4.543073737702720827e-01 3.412484339109466136e-01 -2.527804887109479370e-01
-4.091978208933025885e-01 8.036172676014412541e-01 3.296418370174297174e-01
-3.395169834614991111e-01 -2.824505940455970254e-01 -7.503168371726649521e-01
-3.132422214126412974e-01 6.836942094280943349e-01 1.965821125070572328e-01
3.287179014060785387e-01 -6.020259949896622498e-01 -3.228691328529411098e-01
5.863859772186370556e-01 4.886091050024165550e-01 -3.193097767968606226e-01
-3.004960553083100283e-01 -4.653453378611923097e-01 6.867586266362196712e-01
7.243028568064840966e-01 5.295741216765029735e-01 -3.580767554895926130e-01
-1.503184965459866684e-01 1.693269064428759851e-01 -7.273023514219147945e-01
-2.063665360873404714e-02 1.821837516199649731e-01 1.174262513824596982e-01
-5.336099246532923779e-01 1.156895070733547637e-02 1.179306057049688133e-01
4.220192420598850025e-01 -2.054717692906186943e-01 8.511179088393739933e-01
1.320326473757057473e-01 -1.777562249771122982e-01 -7.643102346935916336e-03
-6.210996765622061044e-01 -1.033451223939076541e-01 2.046748067555929917e-01
4.037358965228904917e-01 3.906362007026969313e-02 1.483201570347399134e-01
1.895729545087928083e-02 4.860486729303565845e-01 6.923569217320867386e-01
1.372624099911962936e-01 -8.145800913737313298e-01 -2.739685426781399147e-01
4.115489286066937868e-01 -4.956846727988290513e-01 4.170240043404598307e-01
3.229477091667666555e-02 -4.685074084245683390e-01 -2.391447982309404252e-01
-8.563638192590495857e-01 1.455231029409473353e-02 3.762406904912418693e-01
1.996517739410418324e-01 -2.590915538400829221e-01 4.545210916681583502e-01
-1.930645898398069826e-01 7.041123873158998403e-02 -3.287541139906561272e-01
-2.579194589362325818e-01 4.776008246597572837e-01 3.794839805462735249e-01
1.570930541826732751e-01 4.914406305396571417e-01 -5.502416682630331124e-01
2.816671680124528954e-01 2.362734713398846886e-01 8.789317641286560345e-01
4.088560770089950253e-02 -2.283105620955531712e-01 -4.455010080974829839e-02
-7.394197711070779055e-01 -3.744270739001405723e-01 -1.064446663595982334e-01
-2.145563646320822193e-01 1.917468324342739283e-01 6.612588215973906891e-01
2.498576874514909230e-01 5.876312007686660538e-02 -3.907546498700313342e-01
3.864562651720208630e-01 -1.034339060555408869e-02 7.806157008171016320e-01
-5.407399464553062085e-01 8.405275900621693441e-02 3.091555081657575421e-01
-3.161807002628332919e-01 -6.149545351572177632e-01 2.651071433248321507e-01
-4.986535896179321581e-01 -6.222790453219453344e-01 -1.792554135324420927e-01
3.777792203544885208e-01 4.159093224852204035e-02 8.769552931330957257e-01
7.100125376365941099e-01 5.745129093926358843e-01 -9.259645421881913807e-02
3.248232708358597676e-01 -4.080738928695324397e-01 -2.145717707188655732e-01
2.026180724889479201e-01 2.924198969842143891e-01 -1.418410727458627452e-01
-5.613918136940512227e-01 -3.457313228881217504e-01 -5.857043493182535476e-01
9.687325142978327197e-02 -8.763507823671554675e-01 6.135041817602344960e-02
-4.384444331368561598e-01 -2.671843127970985887e-01 6.282089705745438346e-01
-2.588694336487624703e-01 -1.834157591632290252e-01 6.568029920984738146e-01
-8.074949706879788192e-01 4.216558854300639925e-01 -4.054606680624187054e-01
-3.455872552703191936e-01 -3.182469423253289076e-01 -9.677017340366010634e-02
4.597190671933212291e-01 2.439301516068929088e-01 -3.865296356317073356e-01
1.102192889031399642e-01 -9.321465549934071504e-02 6.208147559857186693e-01
7.152891817287067300e-02 1.222812347851602172e-01 -7.808016711617793426e-02
4.411589015382098578e-01 1.700892783734879732e-01 3.260171185545587269e-01
-6.330946998401955350e-02 -4.487285282308955958e-01 -1.822026201459371608e-01
2.532053931487052711e-01 2.619693357387916088e-01 -7.202571908002098899e-01
5.838656347464948881e-01 6.865023738980009782e-02 3.715757698238851270e-01
-2.889979461852220100e-01 -3.902577291546500127e-01 3.173608922917425246e-01
1.246934056360843174e-01 -3.289072182774018249e-01 -8.874346255790103166e-01
-4.394777615053057085e-01 8.560849032313281315e-01 -6.476353691503164423e-02
-9.430398265550506975e-01 1.473349187796744730e-01 7.114061160879683876e-02
-5.415089113885136474e-01 1.661059759068259645e-01 5.141980110045313301e-01
7.023759823957470561e-01 3.201357933233079378e-01 -3.330983471766749693e-01
2.839985205134754054e-02 1.993475149240815369e-01 7.119777450160139076e-02
-1.592938522129257184e-01 -5.242970251424168282e-01 -8.245202642492640566e-01
-7.213138771736462562e-01 -6.464115286115772185e-02 2.595304549589723120e-01
2.521369556002973078e-01 5.379239079896466214e-01 7.621163392679940474e-01
4.668593252943268324e-01 -2.844070362607547531e-01 -6.725103760368331685e-01
4.739060633082823881e-01 -4.486473617696439681e-02 -4.450055880832636812e-01
-7.706278751822889239e-01 1.799403948945259291e-01 9.466102671982919159e-02
5.479774592023662905e-01 2.713534139167362302e-01 -7.140391325633820285e-01
1.823279449420779352e-01 -5.248641332615621158e-01 -5.886307838985719298e-01
-5.941051920449919033e-01 -2.399057458629556550e-01 3.214306241174111345e-02
8.970133541369994523e-01 -6.734231753840135004e-02 2.418034470990443885e-01
-5.876990670970448916e-01 3.450421418382182415e-01 1.651482200799283817e-01
-5.575035729327360717e-02 2.379546122543264308e-01 2.128062926843448943e-01
-2.479982597453638249e-01 -2.873086868251567561e-02 4.071629673459684629e-01
2.875430230143595778e-01 2.225654370968294382e-01 -6.308908594289326655e-02
-1.908294940975898968e-01 -4.607724264434964051e-02 5.229149276807967262e-01
4.705783772868257081e-02 -9.790911182915781330e-01 1.104006896649068759e-01
-7.707611953057419418e-01 3.745658337047292896e-01 -5.009729309387800367e-01
3.640888729357574793e-02 6.672086232607473688e-01 -8.468345093937099111e-02
5.394763160695723592e-01 5.162415298950413511e-01 2.442469528633145759e-01
-5.918599311466541529e-02 1.222629579296835856e-01 2.711375985715719361e-01
6.550777459203235287e-01 -5.478409276022119245e-01 3.387908449974201264e-01
-3.930935660558678713e-01 5.342041266923293064e-01 6.811298806143321061e-01
-5.925406267779955577e-02 -3.869964204307578814e-01 -4.551820679435674144e-01
-4.355328895302933989e-01 2.373623976824432713e-01 -4.178395887537796338e-01
-5.826928606076351574e-02 -2.165571642623664861e-01 8.274343598053928162e-01
2.933516515441056960e-01 -3.282357769399100178e-01 -8.348109604111353388e-01
-1.241985052871568546e-01 -3.863557396263152168e-03 9.495732196291067906e-02
-6.606421955217104403e-01 5.846980775890878723e-01 -4.073986200199539720e-01
-3.780307168891581249e-01 -4.926078505786912198e-01 -5.630713088138740163e-01
-2.252853972745513522e-01 -3.394621807249641465e-01 -7.717338115646933394e-01
-2.420160497360923368e-01 6.627859209359019399e-01 2.183968123228206548e-01
4.279086266378345771e-02 5.404150629505271031e-01 -6.928648749023184061e-01
4.328505303860776254e-01 4.063793575088024967e-01 -4.672989882456513588e-01
-7.007096637785789062e-01 -5.259369160777285085e-02 -5.148747114104217371e-01
1.058137300934174352e-01 -8.918572284197257005e-01 9.356569118842689159e-02
6.393481557401647919e-01 6.962317187578888067e-01 -1.344311253279141527e-01
-3.721985987315291067e-01 -4.238214193593212165e-01 -7.424438662012821100e-01
-4.237281926830427370e-01 -5.365885459262300650e-01 -1.679213452686243446e-01
5.802196479497089276e-01 2.281549487468126913e-01 2.581895367690512644e-01
8.351577896919244459e-01 -6.178222585775090814e-02 -4.703096211211103550e-01
-2.610067602668923459e-01 -2.181475587427839924e-01 -3.135719598577304396e-02
5.662039961076678063e-01 3.563917991862174395e-01 -2.421897470541350961e-01
2.542084248531698010e-01 8.788139806058226089e-01 -2.523458656105507236e-01
8.408065619928979384e-01 3.385522294113965103e-01 2.974839934714037515e-01
-6.428988049402818428e-01 1.056520961197893876e-01 5.888034850120953401e-01
3.036060832651998886e-01 -1.898503676099634607e-01 -3.658131194413175025e-02
1.228109257517534247e-01 6.638896528750029002e-01 8.424894970170011821e-02
3.875164674343689053e-01 7.162573496886601720e-01 -3.536534351542233168e-01
-7.751220123218712788e-01 5.625743451609003243e-01 1.708638869554316986e-01
-1.855722238435262017e-01 -6.032602044052585294e-02 -9.509889663197912402e-02
-7.473228483678059364e-01 -5.719786224158996957e-01 -1.232242219702312236e-01
7.587704796015984909e-01 -8.888129376918073310e-02 5.735661730410325232e-01
-1.978050065422486681e-01 2.896809169280513685e-01 -1.448509140851239052e-01
6.222977047586608634e-01 4.325466895861719285e-01 -6.031027036594945878e-01
-2.853004071346210146e-01 -4.684651341534366575e-01 3.830535602446026311e-01
4.056763861067860244e-01 -3.118413238770418872e-01 -1.587978778558601922e-01
-8.746113745585231136e-01 4.247085186994336570e-01 3.815991466316899505e-02
1.349969907511880673e-01 -7.083469229389949273e-01 1.049697097407557567e-01
-1.996685017605713819e-01 1.367047882406191850e-01 9.437148454148095444e-01
-2.312722421622688540e-02 -6.799383727278542899e-01 -4.455005676210723742e-01
9.054168592846018049e-02 -6.487739575678461157e-02 6.171232372607444727e-01
2.459003527960577917e-01 2.116182242750359599e-01 7.455118463066751078e-01
1.333466928947993693e-02 1.417634298003686288e-01 8.684880085692826546e-01
8.936671186823722524e-01 2.058139621577662892e-01 2.956852065012797737e-01
2.169045316111065658e-01 2.999710355361144831e-01 2.854548406367606317e-01
-2.034505203215461744e-01 -1.434633268976408804e-01 -3.130707768174027517e-01
6.345915235970756019e-01 -8.129361976260247868e-02 -4.532971360197628474e-01
-5.500974939797897978e-02 -9.548835821418045766e-01 -2.041935691515394391e-01
1.744339149424834479e-01 -8.489164527868027221e-01 4.376886770294556861e-01
-3.022662138796089470e-01 -2.066171336187401231e-01 -6.040032048869481418e-01
-6.426853427127242613e-01 1.429951578800418011e-01 7.238304448124480706e-01
-2.421766215744900197e-01 -1.721563946930247391e-01 -1.237455051388664795e-01
9.592521129629819066e-02 -1.636518520287985057e-01 -2.544051391737661705e-01
-3.992667956158685860e-01 -1.461452957604716663e-01 8.141731840577828283e-01
4.969951557481909477e-02 5.901328269682752925e-01 3.514747477699199929e-01
-5.640933630591276060e-01 2.705009015994864763e-01 2.811711746190570516e-01
6.912536447853531163e-01 2.076922437643513863e-01 -4.791973402705028140e-01
-3.664097766587252614e-01 -5.766823843305916020e-01 4.734773264790643754e-01
-7.520651933448325999e-02 4.339551492497430996e-01 -2.529860784832219656e-01
3.259719282086214615e-02 1.648076908338890201e-01 4.295029031978363498e-01
-2.230962854225699288e-01 -5.993149749166713780e-02 -7.741615455175152594e-01
1.457596124277334981e-01 1.187387910188228285e-01 -3.844141132132393168e-01
-8.753081920686280881e-01 9.965416240238032103e-03 -3.849028489764993455e-01
-3.426786343868021278e-01 -6.762717967064452163e-01 -2.550879671463710517e-04
8.463673067607761780e-02 -1.740668779484226851e-03 -2.054586428299638029e-02
-1.915737090021042144e-01 -5.735183169436656181e-01 1.040791446678116933e-01
6.860776886736709435e-02 6.812806798614691184e-01 -5.669783785561176986e-02
-4.235901414673963195e-01 6.893910615323647351e-01 -5.550077029629149061e-01
2.650754455040778557e-01 4.148426825947170715e-01 -2.045140251407611964e-01
-2.199421406666192680e-01 1.723332381250600454e-01 2.871367305623711563e-01
5.129225588608705699e-01 -4.372504169477866021e-01 1.546330116399638743e-01
-1.350632056564182726e-01 -2.615358134008430868e-01 1.940654761265257211e-01
-9.571822532099115433e-03 -9.223599695301748502e-01 2.730587847124673617e-01
-7.196665194432458890e-01 3.997526273952842213e-01 -1.624187742854450167e-01
-7.928699050499955492e-01 1.126903675303286313e-02 6.060019179044140447e-01
-3.163783846968689639e-01 -2.423299254406222625e-01 -2.444345552192797866e-01
1.855935943403315136e-01 -2.924591930486155067e-01 -6.186694890568954497e-01
-4.595836623206512872e-01 6.196755849881697698e-01 -1.690657538355673506e-02
5.108428251191301506e-01 6.285799551968300758e-01 2.754446046400068071e-01
-3.623944339968434014e-01 5.541689606772138843e-01 -2.680605194863199814e-01
3.774826702345018131e-02 -7.904040804214653715e-01 -3.812891849082635648e-02
-5.353267425566933524e-02 -6.157121652968178260e-01 7.396808085600597993e-01
6.655584666887003342e-01 -6.591348682507829071e-02 -4.673438568369991386e-01
-6.482389438049257491e-02 3.697904187096775486e-01 1.970448752799785208e-01
1.930169405285651341e-01 -5.715735192622987126e-01 -1.815174031488893669e-01
2.585497572135694311e-01 -6.095507898280621006e-01 2.995800569401513846e-01
-4.220542731707012107e-01 -2.142318834512719761e-01 2.248480134327853208e-01
-1.116782124321531872e-01 8.908413821760310936e-02 -4.845041989037406904e-01
1.317923882178536621e-01 -6.626904435233259560e-01 1.937340607565637418e-01
-2.827687758523939610e-01 4.244476571365020656e-01 -2.964891487893175914e-01
-2.955836102583688230e-01 5.462769482366395257e-01 -4.899812458293025808e-01
4.774275882146646888e-01 -3.644464613834590971e-01 3.355213273427519738e-01
6.239000378034080807e-01 5.370353592428648293e-01 4.644081853641108815e-01
-6.609973157049948700e-01 -1.705983587927590445e-02 -1.106425065884245884e-01
-4.194507369116747264e-01 3.707957500034828602e-01 -1.639836960940051769e-01
-8.639832001371610115e-01 3.380412355369472599e-01 1.591977907098737210e-01
-5.342364211255730133e-01 2.293782956516791094e-01 -1.944345272366127253e-01
-2.697614287595908600e-01 -7.892316867357161980e-01 4.592515102867282262e-01
-4.140129676869471198e-01 -4.277703748889573609e-01 -7.886357713529683622e-01
-1.382815978082102826e-01 -4.126148373529814894e-01 7.770178178040509920e-01
-4.213066239264569024e-01 -8.599169954031199437e-02 -6.273134182871026310e-01
-2.538627942831685885e-02 3.710744542254533207e-01 -2.735804075418075687e-01
2.375264485332282405e-01 6.580679592409000023e-01 -6.612976059385988759e-01
4.919769998526006272e-01 -7.598342524648903085e-02 1.215923892578998355e-01
-2.554692333828509909e-01 4.648990633030182229e-01 -6.213841605262190315e-01
-4.110800664181712971e-01 7.961071428574584274e-01 1.021670507354655311e-01
3.133590757083616340e-01 -1.568760762144190135e-01 -8.553640363864841722e-01
-1.530843636773100980e-01 -5.575903858789214018e-01 -3.821454820698917398e-01
2.948494969708174707e-01 1.145910222549853807e-01 -8.385874934923186474e-01
3.681056727376626481e-01 -3.346964501797380920e-01 -2.524664626544969107e-02
7.200206076442111636e-01 -6.019006859975138957e-01 -1.900200535305344163e-01
-9.070885222739313303e-01 -1.813661137269221291e-01 9.244390958749254539e-02
-1.827268247410495372e-01 -7.448326624241384808e-01 1.132814215142865788e-01
4.112323022865648214e-01 -3.318432247586007855e-01 -5.870063634078394044e-01
7.315430787924785960e-01 -8.020222017116787616e-02 -5.840561229238909746e-01
-8.109073712898767772e-02 -7.753460238774897428e-01 -8.043517049084838652e-03
-6.253094964794024824e-01 5.637956265981417525e-01 -3.574756074642051473e-01
3.004364768585913725e-01 2.015209016915339157e-01 8.694999737829957054e-01
-1.388944333153551702e-01 -2.467598337692525901e-01 -7.503890048233824439e-01
-6.885701318690867247e-03 -9.900283958191742339e-01 -6.712551840305139295e-02
1.560964446954611895e-01 2.148351180924993886e-01 7.621441955048143813e-01
6.104990003740926596e-01 -9.657374332871233868e-02 3.836151428092770543e-01
4.997026197383724888e-01 2.224137826451356159e-01 -3.411389050124912781e-01
8.032446933614864060e-01 5.498704483155936878e-02 -1.790035708442948292e-01
-8.099422544821065495e-01 5.437089267880685917e-01 -2.936227556811869810e-02
-5.426234960665311524e-01 2.750389893269663752e-02 -4.906744143321281615e-01
4.369835409968325091e-01 3.827386604482461985e-02 -3.038342314549434264e-01
8.213037840728685257e-01 2.367083950975464035e-01 -2.347592653867001111e-01
6.991011676863377877e-01 -2.379347269874191872e-01 -4.819034406745360544e-01
-3.043767227161885969e-01 4.895940232096041567e-01 7.096867605420524860e-01
6.402675324249869071e-01 -6.477660092085667509e-01 3.356950205877900356e-02
-2.631093599899236857e-02 -9.085402678341548965e-02 3.682495601213235381e-01
1.566736919332492040e-01 4.807466430933530210e-01 -4.388731866521455860e-01
-3.686790905552984055e-01 -4.168728662693047538e-01 -5.667227056009698227e-01
3.043463369497832471e-01 4.456092332791660171e-01 -8.100357169269274404e-01
-2.540891698496102746e-01 7.005592719828290793e-01 4.400303030536221183e-01
3.962757215425048440e-01 -3.179280339390004873e-01 6.435820508671734608e-01
5.301640908257302387e-01 -3.193659110740874885e-02 2.950981178101620417e-01
1.124279112761717297e-01 2.729572992996787129e-01 -1.458141619614782003e-01
-4.547131779236798232e-01 4.259052906480155221e-01 1.201866058736043019e-01
-7.417623763737372089e-01 5.480025713652478814e-01 2.556286968937237503e-01
-2.285255239597731580e-01 2.886209579227934641e-01 5.223143503150282640e-01
1.726624024719734807e-01 -9.406220582679857278e-01 -7.102020564945174530e-02
8.682893897737355982e-01 -1.272132587600112164e-01 -3.345942019639052689e-01
-5.199908756433532231e-01 1.529550198466014532e-01 -7.599046837213829786e-01
1.119133486910672964e-01 7.303698065219186297e-01 3.621499901547691747e-01
-7.367349849831325015e-01 -1.422294693658296139e-01 1.243979913559005446e-01
4.920676347845943099e-01 -5.290354076048998655e-01 1.069767408015771804e-01
5.909249339699058634e-01 1.869883467708184296e-02 -5.220402244838487915e-01
-9.519667117404168044e-02 -2.390149789720300011e-01 -7.969675793006545383e-01
-2.262161111793253299e-01 4.020640607902081221e-01 -7.846414117280248179e-02
3.370561890276664307e-01 -1.017594444384044283e-01 -6.596024885548020800e-01
4.183345828300051306e-01 1.794990495809421077e-02 1.811265585062720451e-01
2.718698463890940609e-01 3.980345117514202391e-01 6.467704253036115070e-01
-4.217441065858061888e-01 -4.434519228139826019e-01 4.711227038558168934e-01
2.168071150282360748e-01 4.388832945877892411e-01 1.927241379160884449e-01
-1.414608173765130039e-01 -7.724873534917340301e-01 1.561299498326475799e-01
-1.599011908367459212e-01 5.959814592651581366e-02 -6.003592865057910677e-01
7.303139666440955358e-01 -2.563135324215558564e-01 1.089627253981853474e-03
-4.478697297183712595e-02 -9.346756960449669194e-01 3.317522211691101841e-01
1.181319596222601270e-01 4.281581446373524669e-01 4.944431087494801091e-01
-1.984970173536565463e-01 5.145104570086139750e-01 7.850031222507903861e-01
-2.695220626191920932e-01 -6.118145785047987006e-01 1.712457596156965745e-01
7.910326952363326836e-01 -2.880018377144066659e-03 -1.005291921062960309e-01
5.386516089274728802e-01 -7.143224420929569773e-02 1.988634570245253197e-01
-7.232080649501138048e-01 2.601094907766153264e-01 -1.609341488858427871e-01
-4.247245376536757377e-01 3.064385885416811076e-02 -1.046874007778142955e-02
2.069886393813706871e-01 -2.913763916706511581e-01 -7.752300331289656565e-01
-1.829056242198549148e-02 6.078536894001886903e-01 5.438905021771442971e-01
-4.349698839997704347e-01 6.139609029902907134e-01 -3.988058449884057111e-01
-3.294922852888820114e-02 -2.433061998436080453e-01 7.511432775597914890e-01
3.017902540177371806e-01 -6.690741957478707480e-01 -3.388090842718885498e-01
1.211402041940727176e-01 6.536636252257435054e-01 -3.748479312359401239e-01
1.192648939353134485e-01 5.818213629675677012e-01 -7.145459044130413329e-01
4.644953147527522974e-01 -1.125206392675576900e-01 7.161540008876871033e-01
-9.392701797080559023e-02 -1.404130350641033878e-02 -2.038254482381035917e-02
-1.217358878589557686e-01 -4.288067505669665436e-01 4.985531089586124898e-01
-3.082057633326245605e-01 -6.641765618599071441e-01 -6.580844543217685416e-01
4.166774148808127798e-01 -4.678490936082805862e-01 -4.057713007597747445e-01
-9.083737008628346432e-01 -5.668094107813415744e-02 -1.058096150757493192e-01
1.242908781720530598e-01 -7.176658720795930924e-02 9.778513660307929234e-01
-5.622940506124723958e-01 -3.106292493574961400e-01 -3.018222567519674993e-01
-9.021686065907892349e-01 1.509837082819895093e-01 1.442337417645218889e-01
-3.603670010126655554e-01 -3.948966965461322975e-01 8.071737888706628228e-01
-7.677800846677933500e-01 -2.820799842722889195e-01 4.536389239960372244e-01
-2.079645550754471439e-01 -2.617242433597415444e-02 7.198410579150933408e-01
4.274558958327125402e-01 8.723197707814098201e-02 5.013745575831284329e-01
-5.784371697330752404e-01 -4.495808935496085623e-01 4.514748527834949732e-01
5.566987356232009354e-01 -3.995781535692533200e-03 -4.994019438745769257e-01
3.235597467387693604e-01 4.889738093883214121e-01 -1.952687695925644507e-01
3.997041491749691589e-01 -3.334274519981559326e-01 4.577018598538655225e-01
-6.221430294930423849e-02 -5.521358682226116255e-01 -6.095375808129718243e-01
5.047166208556178590e-01 2.062745982254521673e-02 -6.942589449550180536e-01
9.880600074921035147e-02 -5.595171922204329462e-01 4.799669721676778633e-01
1.512348584329357704e-01 8.383144387059463520e-01 -2.572982158595342739e-01
8.359897529882690526e-01 -2.541703198096687544e-01 2.258973966204369799e-01
-1.421973683331538840e-01 5.209597034856899844e-01 7.423559596816829975e-01
-2.055342706762001426e-01 -9.415398058261401637e-01 2.391522392063230029e-01
-4.811949779566019325e-01 -6.273678020997096594e-01 -5.149661222761804380e-01
-8.248269474610608887e-01 -5.042468569973500570e-01 2.195215470079366626e-01
-8.321239940067289842e-01 -1.974094958700525482e-01 3.241293617620527590e-01
-4.288152432058210950e-01 -6.876918958453228647e-01 -5.747914083886703773e-01
4.147517586924718835e-01 -5.520702326421226269e-01 -4.556392516318095165e-01
1.575617423755491242e-01 3.404415454630260740e-01 -1.225910905641783843e-01
-2.436726908286774018e-01 9.473471626062913709e-01 -1.060185280627085197e-01
8.597845411017038808e-01 2.256397722674622838e-02 -3.576966987755444971e-01
6.930431784519512639e-02 5.568107321002411375e-02 4.639565489624412620e-01
-4.212254154999175437e-01 7.617549052274128971e-03 2.691958865677026580e-01
-1.900634374749123889e-01 -1.146003104746717710e-01 -8.261526274835993833e-02
-2.764406813291981901e-01 -3.990657545725900257e-01 -4.359304576578107993e-01
4.710689413915288837e-01 7.447733611415496835e-02 -2.626457535742527938e-01
-5.568195175671493136e-01 -2.562800222752087964e-01 7.188858302871490302e-01
2.339430914911419801e-01 5.363912813693402226e-01 -6.801990736094307710e-01
3.561238898581042256e-01 7.343982805558965654e-02 -1.940322272563183015e-01
2.699256189346366241e-01 5.231266222228952989e-02 -7.380895328895394902e-01
-5.725689759453558292e-01 -2.930926451009825962e-01 6.542903524500244261e-01
4.339499591405167334e-02 -4.627509297849242698e-01 6.023717069779782607e-02
2.857959034774049112e-01 5.696850692827045703e-01 -2.170349834569144064e-03
4.404407885962347696e-02 9.536113619008107500e-02 -9.814507649044633686e-01
2.869931474053888931e-01 3.946934162564881277e-01 -8.492227312520429505e-01
8.918496602057167377e-02 -4.535832376968679247e-01 -8.448438990518963854e-01
8.810452332232990846e-01 -3.522331147171778865e-01 -2.015974421560883245e-01
-4.107599204176712315e-01 -3.389546499211914532e-01 2.693088964154050635e-01
6.322343235490035518e-02 -7.347083488255563566e-01 5.212223424224684543e-01
-9.089800766127346110e-01 -2.774288145346905377e-01 2.873580841491742977e-01
-8.196164515356295366e-02 -3.802540411229408113e-01 1.219043094276591604e-01
6.816402922694499988e-01 1.457012791307872243e-02 3.858068466132603680e-01
-2.190968796521980400e-02 2.057037793434091377e-01 4.556656236690798667e-01
-7.547083234963922749e-01 6.268238730334213527e-01 -6.750146674752331710e-02
-3.380493723090108871e-01 -5.722469681415154330e-01 -6.237466185936390017e-01
2.102775289153129556e-01 2.476282093939515538e-01 -8.762223617830310340e-01
2.691212039547797308e-01 2.668833201582831993e-01 -2.143088588753242762e-01
-5.148155362830654225e-01 -4.826617113515051516e-01 -2.603934965914345701e-01
1.794505465872320293e-01 -2.125533073826671726e-01 -7.637950053539123152e-01
4.510347630604811253e-01 4.734180624848432495e-01 5.299799614996922870e-01
6.194940680027344326e-01 4.145457798795008642e-01 2.413522078237052559e-01
6.898898523547805639e-02 5.473109686095515292e-01 5.798617275864097476e-01
-6.566673496917722064e-01 -1.443170666350507281e-01 -1.055170660990695924e-01
-3.014730579852109016e-01 -4.181812226317035974e-01 -1.826530016073853735e-01
-5.971417716302948042e-01 -1.231548722603149904e-01 -5.509796173079655190e-01
2.301182513049919720e-01 -6.856997463022813655e-01 5.351525238545060681e-01
4.855346585012779714e-01 -2.364136854300134261e-01 3.985256313724127586e-01
5.448092986746484456e-01 -9.580277751290733335e-02 5.850736015070909235e-02
-3.086430326738913155e-01 -1.321661851299700541e-01 2.396373254316248869e-01
-1.940766843309865430e-01 -7.319993939832450947e-01 -6.368661999140368124e-01
6.249379744855264596e-01 2.413365050797191755e-02 -3.657538174196282577e-01
5.624473075984561810e-01 -5.542609450724370612e-01 5.336982096267219866e-01
-6.915355289398805727e-01 -1.241413344967245980e-01 8.804323617011924896e-02
3.063204416467967817e-01 -5.141645808571649878e-01 -5.009370546782146993e-01
6.604035316554137669e-01 1.547163736551371571e-01 -5.686406716006154882e-01
-8.620966790851253281e-01 -1.305396616042949209e-01 3.529788154476728446e-01
-2.917931704022931338e-01 -4.579713771155137225e-01 1.589323144856925885e-01
-6.696141591522394299e-01 4.721843453112882782e-01 -3.032756366949430626e-01
5.184169873212423063e-01 8.194697225978743171e-01 1.223229723115513284e-01
-2.856616668799337178e-01 -3.989344309203545283e-03 -2.837098396029770764e-01
-6.366000626602507095e-01 3.657660511601040221e-01 -3.999043568844406482e-01
-3.381918242548573872e-01 -2.569044711735739006e-01 -4.995485268493730091e-01
-4.572556093165620617e-01 7.089911762005826068e-01 -4.578265145146444975e-02
6.965399970345334535e-02 -5.110402088961090161e-01 6.016848321413967859e-01
-7.771370843624099134e-01 3.109907115620338947e-01 5.382124388077513810e-01
-2.659315416131591836e-01 -7.534423083882058059e-01 4.338575748426742318e-01
1.598183792772987777e-01 2.760821016136008610e-01 2.450993530530367059e-01
-5.523189618153571123e-01 2.541152399290785499e-02 -6.597836019248932704e-01
4.171032583942240746e-01 -7.020065238398609520e-01 -3.330434420165258591e-01
5.621614130074620297e-01 5.286613697134713297e-01 2.184510928017846521e-01
-3.981237053712376878e-03 -4.055339017286445635e-01 -6.021154434672431055e-01
-3.213243224913206464e-01 4.466827661833267515e-01 -5.806545328302862297e-01
-3.791057972885691352e-01 -8.665805748431358868e-01 -6.229263773966640244e-02
-8.072740063186570891e-01 3.168983231522179977e-01 2.378752729882050443e-01
8.399067602994100268e-01 -3.930097024331906733e-03 4.152299711577894237e-01
4.215018835583059231e-02 -6.446431756007725555e-01 3.378582384636190095e-01
3.476370443518019826e-01 -2.613011303179034184e-01 -1.893436642859424868e-01
-8.752266447205668820e-01 -3.682047438654166838e-01 6.679062215810385728e-02
7.504204837860001254e-01 -3.312433316140050987e-01 4.380901248844062956e-01
7.825309738067267595e-01 4.988728830798784819e-01 1.511466558696457907e-01
5.708776570891220814e-01 -2.626534151428322819e-02 -2.298402989431599652e-01
-8.985939931827906513e-01 -9.147842566875694081e-02 2.916579505731397015e-01
-7.006426145869009137e-01 6.746910528096357051e-01 1.140737398006502618e-01
1.445104650055288875e-01 7.143157458529993953e-01 4.159238751680729984e-01
4.312815172722355150e-01 5.702404503990358142e-01 -6.714124849224823999e-01
5.735251422823722800e-01 -5.165826616489497258e-01 -1.960023884094614366e-01
-4.550644475722704363e-01 1.476795132232250896e-01 3.470939054876349128e-01
1.909963439430115983e-01 1.953326187941006042e-01 -1.547358985965864020e-01
7.858531868668733322e-01 -5.905909658906723092e-02 4.772453111082893273e-01
7.860284960601255921e-01 -4.546156867318119632e-01 3.535580552459125503e-01
-8.518415875013318761e-01 -8.857413935858965415e-02 9.755637712413081641e-02
5.745874989867668647e-01 -4.933848655831848395e-01 -4.048638579338711407e-01
-1.507451174979276554e-01 3.087806763211521921e-01 2.075376880707272553e-01
-1.811585542104032082e-02 8.001607323354452683e-01 5.239888721651062009e-02
3.130579386395447306e-01 -5.766597208894183035e-01 -6.477530369818183809e-02
-2.933759019990291872e-01 4.023458266572270126e-01 5.580669418921333502e-01
1.921164821700750147e-01 1.123639180598530324e-01 -5.351167306846139615e-01
1.349059383193628170e-01 -5.095038957307583827e-01 -4.094706397337012915e-01
-3.463412000604332297e-01 -3.516359548521917899e-01 6.771980448686462095e-01
1.576175383048606937e-01 6.318123549865715116e-01 -3.236930569302145372e-02
2.089092056538049413e-01 -3.180616652665856359e-01 2.033413770104162688e-01
-2.421347129622500871e-01 -1.885526850336612936e-01 -8.439574946223660223e-01
2.762194450336709073e-01 -5.574907353665775611e-01 -7.031393967976692361e-01
2.997845245597302588e-01 -2.538510936603509682e-01 -3.062372542195571090e-02
6.056413964176959874e-01 7.278128567803976434e-02 -1.900503745587129867e-01
-2.090737993667682870e-01 6.567142180174456723e-01 7.138848073117533000e-01
3.531151372777305286e-01 3.026131699685242760e-01 -1.636189938791689502e-01
2.140185533454447009e-01 6.588632986491506083e-01 2.644930361503183280e-01
4.899650332845231215e-01 6.624427993519606261e-02 -1.598502603002444900e-01
-7.078292475609805345e-01 5.736713609443215844e-01 2.062624714338635035e-01
-2.281426387107869658e-02 -8.078350802028010091e-02 -6.446669278910046597e-01
-1.938605371541740063e-01 -4.983889493130931880e-01 -3.142900372068873072e-01
-6.814349900897938017e-01 -6.430341078401056176e-01 2.119616819249920403e-01
-4.594228109643137548e-01 1.568879803147164298e-01 -1.793005995662662055e-01
-5.005299195286626590e-01 -3.799250046171514517e-01 5.555475212167111376e-01
-1.068267545873411162e-01 5.508778089844714732e-01 7.849725122096661289e-01
-3.646127281753297478e-01 -3.381749556257758749e-01 -7.068144108742684291e-03
-2.404313339791834814e-01 3.401006518708636350e-01 8.163626807343777880e-01
-3.686076330198119200e-01 3.973198520171049020e-01 1.494389441463806756e-01
3.826700515649508749e-01 2.788453472518439002e-01 2.835978346361615055e-01
-8.273025640218285570e-01 1.845827325412696118e-01 1.000654393099993655e-02
-3.515036140013814703e-01 -6.589487772497888418e-01 -4.045355339286618168e-01
-1.793139762280478167e-01 1.403546305736474466e-02 6.406111230461128403e-02
-3.872095546552208750e-02 -3.505970230913520169e-02 -9.553645298888067960e-02
7.153675771122094407e-01 5.332497865677814364e-01 -1.172188002094402548e-01
1.526323057977416742e-01 -3.037498533703862358e-01 6.829819897579470812e-04
5.263162579342939296e-01 2.721117822376662998e-01 -5.089052889328649076e-01
2.517967278757037020e-02 -8.664324575601862755e-01 2.685328855973757520e-02
8.069783262596464946e-01 -2.188537087058837205e-01 -6.502875372031338697e-02
2.900611241991809530e-01 -2.478271715495714289e-01 -7.527072649349280109e-01
-7.271742506739622969e-02 2.965345729980128353e-01 1.301755479146186022e-02
1.580171941001868308e-01 4.660412415388255902e-01 -1.480363846304019459e-01
5.710407846936308429e-01 6.453720004167223800e-01 -5.687068644977631184e-03
-3.205949987021147751e-01 7.631779143003433186e-01 7.479167749503548568e-02
4.455040331092460781e-01 -4.212980221238744050e-01 -2.852110959249956057e-01
3.938825601440801849e-01 -1.705137406612161621e-01 -4.105315415534688817e-01
-9.348878786808881292e-02 2.693984821268793350e-01 5.870293889542661514e-01
5.418039045201038933e-02 8.362653731022957615e-01 3.262703636882886560e-01
-1.965693387252545055e-01 -3.210287641558186578e-01 9.091774981663323096e-01
8.389670760926870585e-02 4.071682537523834688e-01 6.485143526683422310e-01
1.981806677865413646e-01 -1.833411537463089658e-01 -1.221727889766369285e-01
1.490176260630817207e-01 -5.165100840318798125e-01 -6.335030663366820747e-01
8.084141293203115364e-01 1.490783315312885389e-02 -5.961923936911305011e-02
6.069664567956859491e-01 -4.763131550003962267e-01 -4.570022996765129575e-01
-6.035068480979013765e-03 -5.963455121984194696e-01 -6.616910761207482894e-01
1.697542828084510069e-01 -1.717627629419241353e-01 6.291957023786957093e-01
-2.077547700975545530e-01 5.630345344871109381e-01 -5.679472082249735765e-01
5.425950086946523809e-01 -6.082778529734208517e-01 -4.719981974766179755e-01
-3.809706156159897161e-01 3.905900366798291667e-01 -1.853583715432405299e-01
-7.608475733929729312e-01 -2.743294134270246598e-01 2.525047353145281614e-01
1.653225423824969120e-01 -2.201765296548827688e-01 6.299718126303618382e-01
-4.654899030217010680e-02 -1.807358314742818217e-01 3.240974202111542857e-01
7.529426717868913377e-01 -4.572015374037430302e-01 9.821540086989155593e-05
-5.597076871620965122e-01 1.603361467714769784e-01 -6.146441923977874477e-02
4.378178814974152955e-01 -6.856938424274658939e-01 3.505887720961624598e-01
6.045486001645821172e-01 -6.825647290734722095e-01 -1.163008900288003827e-01
-7.319071214062315978e-01 2.677258591427222889e-01 4.807921772883922557e-02
-5.154880478250645215e-01 4.370684575605331412e-01 -3.212528514851246131e-01
-4.432486516292027945e-01 -5.355860239325324068e-01 5.719479633292986476e-01
-4.695636144663868916e-01 -5.505344664755407180e-01 2.448235822414796536e-01
-3.564429544984130671e-01 3.006142297259917218e-01 2.106341720826878372e-01
-1.758487892233809580e-01 -2.337757719526535882e-01 1.780799891936341722e-02
-5.348888760887180460e-01 -3.883795572512029892e-01 4.267582192556511611e-01
1.337232090745900659e-01 6.170225850035878645e-01 1.952287435067241728e-02
-4.294211161110678687e-01 3.540340942459069273e-01 6.847753337610761326e-01
5.060649455513357431e-01 5.348258420937431756e-01 -2.710542280217387301e-01
1.494063431466459979e-01 -7.031333979585520089e-01 -9.733716866262108469e-02
1.792511315747707112e-01 4.048971479165968668e-01 -4.277068790308643509e-01
-1.162927245105745966e-01 -3.907050411670768275e-01 2.922466391384250239e-01
1.857430556051802850e-01 -4.392763026738104315e-02 4.882805340769404978e-01
3.260616957514542724e-01 -8.158722896717077733e-01 2.283518585724647609e-01
-4.167027672691158563e-02 5.515102959039427377e-01 6.580645809071236085e-01
-3.316107079327499513e-02 -3.805954594192809820e-02 7.532999503091737381e-01
1.445868356975451297e-01 -3.748925587487190181e-01 -9.032042202541057385e-01
3.196733736342272092e-02 8.056842663628579482e-01 -4.174363360871106154e-01
5.616284203511854312e-01 -3.273214078840981367e-01 -3.224506840848418987e-01
1.869255678916259267e-01 4.247865512961460643e-01 1.203435096190636905e-01
-4.553429567927921306e-01 -6.485308450229423927e-02 5.700260180318152958e-01
4.953653442193280410e-01 -5.788133592374837821e-01 -3.501002302613848705e-01
-5.310217547909427127e-01 4.456318613380682025e-01 4.693922130996235342e-01
1.243451533600859610e-01 -6.055366157204069566e-01 6.969816056884635680e-01
2.779882677012229242e-01 6.234000721904580100e-01 -3.179580013833760432e-01
-7.537562860767706152e-02 -3.106915102543367224e-01 -6.963582693414580582e-01
6.835764678099044422e-01 1.805660114817398409e-01 3.907746917400146125e-01
-3.492641469719108271e-01 4.640836862873768953e-01 3.715847741762183798e-01
8.060069465381057841e-01 4.524327450348644142e-01 2.585243739286642306e-01
8.325122882152543591e-01 -9.725628282117844414e-02 -3.026092036050359591e-01
5.177252613361487121e-01 -9.018799493005089313e-04 -7.675831961195036524e-01
-3.296369687685039157e-02 -4.456839602825998226e-01 8.244020095522776315e-02
5.152608252160496560e-01 -5.990988699952056601e-02 1.301795703013590155e-01
8.306265307244332929e-02 -3.071650090548042056e-01 -6.038704293425227743e-01
-1.549136563407551015e-01 -5.907530215638417959e-01 4.713761973501239821e-01
8.526443576688433335e-02 5.576402041739711990e-01 -2.995124885791498603e-01
1.627946123712149373e-03 2.936113801304336968e-01 3.923252176002530178e-01
3.428407133700454579e-01 5.239116490476684040e-01 5.869747821569731849e-01
-3.438851041777580830e-01 2.601848841000202195e-01 8.327017799549923938e-01
-7.582309751897760020e-01 -4.215689561207174724e-02 -5.497276061316807017e-01
-8.203641164004441544e-01 -2.656844193306723279e-01 4.533233181052552241e-01
9.491303933786744418e-01 2.667990331527901327e-01 -9.053327914386122277e-03
-5.541887792148236791e-01 -1.739423480632262820e-02 -2.181945720928242793e-01
1.152529659270405821e-01 1.098510023306852046e-01 -7.147756019817506079e-01
-6.649120002423138942e-01 -2.530812489788563657e-01 1.354461409018951207e-02
5.396846244487021327e-01 -4.724159576487937384e-01 -4.936675605473320738e-01
-4.130678130115794100e-01 4.063499907403437805e-01 6.135995584541666936e-01
-2.579129552305404194e-01 -5.062321844369874757e-01 -9.337489057839951090e-02
-3.823212053791604781e-01 2.488907140667528384e-01 -2.466948725451974800e-01
4.214469160078221366e-02 6.058216556656532692e-01 -3.435632896293441818e-02
4.404498984103571435e-01 3.621989607594368610e-01 3.448389776598761447e-01
-1.508612861402659809e-03 -3.693006600565005432e-02 6.136707821270416252e-01
-2.787795517591252215e-01 7.008563727933613263e-01 -1.416063038210494951e-01
-1.402966967779133989e-01 -2.417741422402825691e-01 -5.174832068660980555e-01
-3.175919674848334262e-01 4.174942560509806722e-01 3.938734653978900324e-01
-1.001675127547885791e-01 -6.702463811469072663e-02 -8.109760859009892409e-01
-2.408487767423657111e-01 -5.058871047153463696e-01 3.533666460102348750e-01
-1.429177313341410682e-01 7.853678794360210436e-01 2.772917972705869066e-02
2.094621660414582032e-01 9.179637850188560044e-01 1.750204008517124432e-01
-6.207825904417374474e-01 -5.460970794904704828e-01 3.539585661877239220e-01
5.820263983940822117e-01 6.214330018157955271e-01 1.448904136101068496e-01
6.295739346472777331e-01 -1.013453422197159171e-01 3.209426650248947133e-01
6.211151061616630997e-01 -3.401425716952296563e-01 -6.551421490060301833e-01
2.082702591605231635e-01 6.633172175896980827e-01 -3.724649383409594505e-01
-6.971909732331514897e-01 1.322296785934264363e-01 4.667633175378297916e-01
-1.608648404032000101e-01 -6.293599733185281653e-02 -7.666551268779490946e-02
4.028004452458892048e-01 4.850147697837281502e-01 -3.102532764878873639e-01
-9.134244610377893758e-02 -2.502512148601685471e-01 -4.264671320475001970e-01
6.359788642179636797e-01 5.579191206282084758e-01 -4.736932848413542008e-01
7.537557638682253203e-02 6.024703190217294280e-01 -3.123884655309115965e-01
5.275610232916776443e-01 -1.988168236430632174e-01 -4.621066781211030094e-01
-1.047583970024458938e-01 -2.492251063011471490e-03 -6.883084936779757523e-01
7.121221280228309247e-01 4.602069284137137034e-02 -4.586185175427479055e-01
2.594594919681666445e-01 -7.628823645677499168e-03 1.939224939477377507e-01
-5.875309718053655095e-01 2.399873327987722682e-01 -2.253082736528976837e-01
-3.714000689178553194e-01 7.546118404374101418e-01 3.682925573936613461e-01
4.011648007772337099e-01 8.343487419607619193e-01 1.034752169660959065e-01
-7.638779301702459668e-01 2.765313333180727945e-02 -6.756051449480691973e-02
3.061601665985592621e-02 -5.206096209672705227e-02 -2.610873921525822539e-01
4.340571529029302877e-01 -1.611300748144695039e-01 7.036565862400737670e-01
-6.056575011542820741e-01 -3.645756908818432174e-01 -2.719286076606103331e-01
5.799685139523307331e-01 -4.691660750499652699e-01 2.779558060103112238e-01
-5.587696308232520392e-01 -5.736476835481918446e-01 -5.589999964830272283e-01
-8.684768111427039472e-02 1.091387112103017615e-01 4.111459460486615036e-01
-3.540589481158612495e-01 -3.103453871084481744e-02 8.755833195912436917e-01
-6.540511940577516947e-01 1.635130446160214801e-01 4.635705039136611694e-01
8.525966524964677662e-01 1.608626461111582751e-01 -1.568482471560863345e-01
-7.602062141883024760e-01 2.553850158293388684e-01 8.837443926389960958e-02
-4.708581809980909583e-01 -6.846967154866175909e-01 -1.565373565751282392e-01
4.331967095945807866e-01 -1.325573941529340286e-02 3.003235044084566208e-01
4.763359296846799151e-01 -5.633597818851286965e-01 3.823665524116439673e-01
-8.628885926981409993e-01 1.823943825762697479e-01 3.545408608327210720e-02
3.595433935879380205e-02 -5.865436922813417608e-02 5.954907287314253200e-02
-7.469512573281915646e-01 -8.334576641987677392e-02 -6.372498614157314778e-01
1.143066968433178315e-01 2.863379443735091234e-01 1.183086758184583032e-01
-3.741998769297853467e-01 -8.004066158920569718e-01 -4.167295128113771008e-01
4.632190790941465020e-01 2.531622984449677372e-01 1.636575303810002546e-01
8.521624254694877276e-01 1.030999183333284192e-01 -4.649848664266180709e-01
4.895980308672147618e-01 3.903229472320817184e-01 -1.361933144113091076e-01
1.379950951207797039e-01 4.125131909751603709e-01 3.213248382793782443e-01
-2.660320347340873193e-01 -1.072267618175880149e-01 -4.857640113043513175e-01
3.888445512013146144e-01 4.295713158717018310e-01 9.357349096452394210e-02
4.957768653977469020e-01 -2.278510604197426792e-01 9.735896941102736846e-02
-4.898104116297077315e-01 -6.891717351585509299e-02 2.231174785533399374e-01
-1.954227433803497616e-01 3.520976159393134908e-01 7.302717924411679107e-01
7.018647625084990793e-02 1.204925255944672979e-01 5.579739427716287059e-01
-6.941032813670765245e-02 -2.978099693505477097e-01 -1.008841377112091459e-01
-9.261656608448629036e-02 7.732437426622047472e-01 -3.498179496909480379e-01
5.887827218018601982e-01 -6.937397616979313897e-01 -8.446150142806180261e-02
-7.137421501339262786e-01 -4.774978856935185173e-02 -6.032012769428793941e-01
-3.586750296029301288e-01 5.288550859783505143e-01 2.343238125519970239e-01
5.379232048019367829e-01 -2.788096659767482222e-01 2.668916567872984258e-01
-1.499933241752043345e-01 -5.180766948265540517e-01 2.232030563958447567e-01
4.685827223416361847e-02 6.208655757869534497e-01 -3.206242844850397122e-01
6.601928107827451653e-01 -6.613201115174576206e-01 1.160098907456620781e-01
-6.469041837283313612e-01 6.154141837309026197e-01 1.318574776546130589e-01
6.813072037412661874e-01 -4.706811742842788582e-01 -4.976671776714181039e-01
4.780016567698859853e-01 1.147755536831456258e-01 2.575104831588828080e-01
-2.939097766679940049e-01 -3.232546629387315074e-01 -8.923711702324853556e-01
3.379766014661035878e-01 -8.432980759433602591e-01 -1.371091017204582319e-01
-5.705974271153095856e-01 -4.855044026160718063e-01 4.311425775282051731e-01
6.855663515443735645e-02 3.711268307939292188e-01 -7.770083920541418498e-01
-5.090040463311770180e-01 4.503391664967069663e-01 1.950729698708823789e-01
2.270134602656528888e-01 -5.771467123682637312e-02 9.357915936752920771e-01
1.916735331686777455e-01 2.654513818847561990e-01 -5.605253773112430782e-01
6.061917519978445856e-01 7.146352650892277003e-01 2.683526184953153315e-01
-5.957572706973620624e-01 -7.456468714195214620e-01 1.181821087421050243e-01
-2.405295125191514172e-01 -6.623227772767750210e-01 -2.234381199637072157e-01
-4.080015916578705326e-01 -8.632076106976483976e-01 2.695811621162574889e-01
1.980028553258138257e-01 1.975885948128756620e-01 -7.738013595521038290e-01
-6.015824956538049495e-01 6.037153378989463803e-01 4.250440639439079238e-01
1.378638034417611347e-01 -6.478843224775376886e-01 3.673859994810942387e-01
-3.695728373656468890e-01 -4.159159522003187393e-01 -3.129599529113673007e-01
9.186319106471324547e-01 -1.542918349152081758e-01 1.324621468888643461e-01
-9.837104982654959473e-01 4.615349126228530940e-02 -8.719757472182110281e-02
-5.224409169035876266e-01 3.376394715014376102e-02 -4.032890150037563015e-01
-9.287466615164970130e-02 -1.300708370066575581e-01 1.226922245327120853e-01
-5.448360804111294226e-02 1.232771122439551004e-01 -3.488021757548636637e-01
2.759380102719448669e-01 8.100510979209001317e-01 -3.452620544187322005e-01
1.932076516517519382e-01 3.044753689763677884e-01 2.533555917757701614e-01
7.758856791017461341e-02 5.606382846520154839e-01 -2.614314598511671695e-01
-2.761176134352382738e-01 -1.040858323909639033e-01 -6.239070164886453274e-01
5.500786414308237449e-01 6.117992051025070155e-02 8.097036434499036428e-01
6.624432131703819060e-01 4.694542067088323667e-01 1.158691460332839374e-01
-6.491880139994258281e-01 8.130334020551115842e-03 -6.726474082322217996e-01
-6.769426797938068452e-01 -6.321708874708971415e-02 2.081120795690680481e-01
9.401140455083694114e-01 -2.900888557601876139e-01 -7.634855764571045478e-02
7.133784986739752365e-02 4.814679242522126867e-01 -1.198970778835600076e-01
-3.886467254830003881e-01 1.470186754235179860e-01 -7.470115963618726429e-01
-3.242435058466159870e-01 5.104147790298841914e-01 7.433663025188913531e-01
2.994997787027453007e-01 -7.638865004900528000e-01 -1.843391515231568856e-01
-5.918857704898791150e-01 -2.130129859501894707e-01 -1.278983608501686742e-01
-3.996298565988260498e-01 -3.969140272584286144e-01 5.716695580675896782e-01
-4.473860055648201661e-01 -4.906674178492609339e-01 2.419859023600519909e-01
-2.467697728540097224e-01 4.469910438526697449e-01 -4.690073128621064513e-01
1.554265517508738037e-01 3.463372593474307037e-01 -3.393359412220559590e-01
3.784901289943045505e-02 2.184395072564980778e-01 3.427107881736196071e-01
-2.151884909110336197e-01 3.813105886371231934e-01 2.729385623653651782e-01
1.667507058982535886e-02 3.357602525562171092e-01 7.082230215466661649e-01
2.162659150701030375e-01 3.669912555280494537e-01 -8.691399858682460344e-01
-1.496397273396405103e-01 -2.105215898606568325e-01 8.742794881001410001e-01
5.709939679065154650e-01 7.380179234765724683e-01 -7.951908976176130794e-02
1.140589152974602477e-01 1.979754421378527862e-01 -9.290376126568640203e-01
-1.330136214754528423e-01 1.297243071489898869e-01 -3.019002900917810983e-01
2.099216467833508737e-01 -4.093421488150029153e-01 -8.509115693954752979e-01
-5.527991437652364226e-01 -5.711304066240933119e-01 1.350624534420596379e-01
-3.684957189286641732e-01 5.528265834366578035e-01 2.684016820491010313e-01
-2.746177338997554326e-02 2.774635813978393872e-01 -4.285153305357380926e-01
7.344959821898937591e-01 2.346060398917114986e-01 -2.564524638363763209e-01
-1.628153500707489598e-02 8.996760209289061949e-01 4.192380094528305734e-01
4.207518804759569631e-01 8.739175490248658751e-02 6.238531725054504706e-01
-5.586922449498472609e-01 3.452707093999859977e-02 2.508863317010513461e-01
